112 133 147 245
159 235 250 254
136 156 193 197
111 165 175 214
118 157 182 243
104 222 242 251
146 212 218 233
123 167 211 236
126 132 150 189
155 188 217 224
122 190 192 255
141 170 246 252
152 176 196 198
145 174 206 226
113 153 177 231
110 178 209 253
151 171 185 237
134 154 191 221
105 119 163 244
131 168 234 240
129 137 230 239
107 115 149 208
127 162 225 227
116 139 144 213
124 138 140 158
109 114 172 204
106 169 186 195
160 202 207 219
108 120 179 249
173 180 183 229
187 201 215 248
135 143 166 210
142 161 184 203
164 200 205 216
194 220 223 238
128 148 232 247
117 199 228 241
121 125 130 181